object_id,schools_count,month
101,759,
102,328,
103,475,
104,717,
105,236,
106,103,
107,118,
108,52,
109,460,
110,430,
111,410,
112,744,
113,700,
114,268,
115,879,
116,689,
117,550,
118,192,
119,268,
120,468,
121,611,
122,757,
123,434,
124,250,
125,58,
126,308,
127,482,
128,392,
129,335,
130,332,
131,363,
132,633,
133,609,
134,581,
135,316,
136,450,
137,729,
138,507,
139,319,
140,470,
141,648,
142,464,
143,377,
144,367,
145,681,
146,682,
147,300,
148,12,
149,40,
150,583,
151,739,
152,512,
153,415,
154,271,
155,599,
156,544,
157,536,
158,332,
159,327,
160,275,
161,372,
162,421,
163,360,
164,344,
165,511,
166,504,
167,352,
168,471,
169,561,
170,502,
171,245,
172,332,
173,239,
174,422,
175,677,
176,230,
177,607,
178,609,
179,329,
180,268,
181,309,
182,183,
183,303,
184,679,
185,1064,
186,200,
187,699,
188,680,
189,550,
190,370,
191,700,
192,732,
193,836,
194,654,
195,710,
196,791,
197,861,
198,182,
199,241,
200,635,
201,137,
202,268,
203,28,
204,19,
205,395,
206,256,
207,638,
208,395,
209,112,
210,453,
211,540,
212,259,
213,305,
214,249,
215,163,
216,278,
217,91,
218,99,
219,352,
220,307,
221,77,
222,172,
223,310,
224,488,
225,174,
226,309,
227,125,
228,208,
230,31,
231,167,
232,72,
233,257,
234,167,
235,37,
236,5,
237,77,
238,295,
239,310,
240,39,
241,222,
242,5,
243,6,
244,72,
245,435,
246,500,
247,292,
248,321,
249,605,
250,253,
251,433,
252,319,
253,295,
254,706,
255,925,
256,813,
257,568,
258,24,
259,428,
260,277,
261,501,
262,368,
263,189,
264,319,
265,505,
266,315,
267,415,
268,224,
269,410,
270,766,
271,477,
272,337,
273,182,
274,135,
275,819,
276,453,
277,311,
278,352,
279,334,
280,382,
281,423,
